Day is always the first!!!
R- 2690.95 -0.1525626
R- 2688.69 -0.1506
R- 2687.57 -0.1496274
R- 2690.48 -0.1521544
R- 2687.8 -0.149827
R- 2689.13 -0.1509819
R- 2689.5 -0.1513035
R- 2687.39 -0.1494708
R- 2688.22 -0.1501918
R- 2685.65 -0.1479597
R- 2688.06 -0.1500528
R- 2688.01 -0.1500094
R- 2690.49 -0.1521633
R- 2689.78 -0.1515467
R- 2688.28 -0.150244
R- 2690.54 -0.1522067
R- 2686.6 -0.1487849
R- 2688.28 -0.150244
R- 2687.0 -0.1491323
R- 2688.51 -0.1504436
R- 2688.56 -0.1504872
R- 2688.04 -0.1500354
R- 2687.19 -0.1492972
R- 2689.39 -0.1512077
R- 2686.89 -0.1490366
R- 2687.3 -0.1493928
R- 2686.96 -0.1490974
R- 2597.42 -0.07133436
R- 2589.58 -0.0645256
2585.96 0.0006075542
2588.18 0.0002348751
R- 2686.44 -0.1486459
R- 2687.25 -0.1493495
R- 2686.86 -0.1490107
R- 2687.03 -0.1491582
R- 2688.01 -0.1500094
R- 2686.71 -0.1488802
R- 2688.89 -0.1507735
R- 2689.48 -0.1512861
R- 2688.06 -0.1500528
R- 2687.69 -0.1497314
R- 2686.19 -0.1484287
R- 2687.47 -0.1495404
R- 2687.53 -0.1495926
R- 2687.81 -0.1498358
R- 2689.38 -0.1511991
R- 2688.49 -0.1504261
R- 2687.4 -0.1494796
R- 2685.97 -0.1482377
R- 2687.28 -0.1493754
R- 2687.83 -0.1498532
R- 2689.25 -0.1510863
R- 2690.43 -0.1521111
R- 2687.4 -0.1494796
2597.74 0.01479737
2599.35 0.01452829
2602.35 0.01402734
2605.36 0.0135253
2604.54 0.01366202
2610.61 0.01265103
2609.96 0.0127592
2612.21 0.01238498
2612.06 0.01240991
2611.85 0.0124448
2613.29 0.01220544
2612.93 0.0122653
2617.11 0.01157106
2612.53 0.01233176
2611.87 0.01244147
2611.94 0.01242986
2610.8 0.01261945
2610.79 0.0126211
2609.33 0.01286403
2608.06 0.01307547
2687.92 -2.329675e-05
2652.69 0.005706563
2576.42 0.01837641
2580.9 0.0176219
2579.58 0.01784404
2578.26 0.01806634
2574.44 0.01871029
2572.63 0.01901573
2574.81 0.01864786
2577.36 0.01821795
2577.25 0.01823649
2577.85 0.0181354
2575.42 0.01854501
2573.27 0.0189077
2574.58 0.01868664
2573.23 0.01891446
2579.3 0.01789119
2579.53 0.01785245
2581.37 0.01754276
2581.17 0.01757646
2578.08 0.01809665
2583.4 0.0172014
2579.44 0.01786764
2577.03 0.01827356
2575.29 0.01856691
2581.29 0.01755624
2581.48 0.0175243
2585.42 0.01686195
2582.17 0.01740823
2576.56 0.01835278
2572.47 0.01904275
2562.65 0.02070378
2580.99 0.01760672
2580.74 0.01764881
2578.01 0.01810844
2580.87 0.01762689
2580.93 0.01761683
2583.71 0.01714929
2584.23 0.01706189
2582.91 0.01728379
2583.31 0.01721651
2585.58 0.01683507
2582.77 0.01730731
2575.82 0.01847753
2013.55 0.1254306
2570.73 0.0193366
2584.93 0.01694428
2574.4 0.01871704
2564.7 0.02035648
2560.74 0.02102758
2573.26 0.01890938
2567.91 0.01981328
2566.66 0.02002472
2576.62 0.01834265
2592.4 0.01569105
2425.04 0.04467415
2423.57 0.04493746
2427.14 0.04429823
2428.01 0.04414258
2417.31 0.04606071
2533.32 0.02570299
2530.69 0.0261541
2516.02 0.02867897
2511.41 0.02947545
2506.03 0.03040679
2493.34 0.03261154
2500.73 0.03132626
2502.71 0.03098254
2488.56 0.03344493
2485.54 0.03397229
2426.43 0.0444253
2422.96 0.04504682
2422.28 0.0451687
2423.61 0.04493028
2362.57 0.05600835
2390.57 0.05089158
2400.73 0.04904973
2412.62 0.04690409
2417.65 0.04599963
2419.09 0.04574102
2420.3 0.04552384
2430.51 0.04369564
2449.46 0.04032272
2448.66 0.04046456
2435.68 0.04277283
2428.34 0.04408355
2426.69 0.04437876
2422.15 0.04519203
2424.57 0.0447583
2425.85 0.04452908
2255.01 0.07624459
2282.12 0.07105454
2278.72 0.07170209
2279.75 0.07150584
2274.51 0.07250521
2267.86 0.07377679
2255.22 0.07620415
2245.17 0.07814384
2245.21 0.07813609
2254.38 0.07636595
2274.29 0.0725472
2285.67 0.07037953
2286.03 0.07031111
2279.18 0.07161444
2412.48 0.04692933
2414.78 0.04651547
2413.65 0.04671876
2405.36 0.04821296
2172.73 0.09238729
2143.27 0.09831618
2139.74 0.09903204
2141.7 0.09863441
2140.68 0.0988413
2140.77 0.09882304
2134.77 0.100042
2414.32 0.0465982
2413.7 0.04670977
2420.76 0.04544132
2414.44 0.04657665
1977.13 0.1333578
1960.45 0.1370373
1956.47 0.1379199
1952.69 0.1387598
1944.09 0.1406767
1943.44 0.1408219
1968.44 0.1352709
2015.57 0.1249952
2058.11 0.1159245
2087.11 0.1098477
2097.77 0.1076352
2104.19 0.1063081
2097.1 0.1077739
2086.85 0.1099018
2077.99 0.1117496
2078.88 0.1115637
2079.24 0.1114884
2079.79 0.1113736
2076.29 0.112105
2124.06 0.1022263
2406.21 0.04805953
2409.32 0.04749854
2409.66 0.0474373
2409.03 0.04755084
2403.23 0.04859772
2400.05 0.04917274
2398.66 0.04942438
2397.7 0.04959822
2400.86 0.0490262
2399.03 0.04935736
2400.67 0.0490606
2399.22 0.04932299
2402.64 0.04870436
2401.44 0.04892134
2401.61 0.04889053
2401.65 0.04888335
