1928.55
1910.88
1912.32
1906.51
1913.53
1937.96
1935.73
1932.93
1937.19
1954.43
1950.67
1944.36
1946.65
1938.32
1934.96
1934.36
1927.73
1930.35
1926.06
1923.1
1926.6
1925.32
1913.15
1915.41
1910.38
1916.33
1910.98
1913.67
1911.77
1899.54
1908.06
1903.4
1881.63
1903.2
1892.91
1891.09
1887.4
1898.92
1877.68
1880.07
1875.84
1847.43
1861.79
1837.09
1828.18
1845.5
1815.95
1827.67
1805.43
1808.05
1794.28
1793.28
1779.88
1775.7
1775.55
1755.62
1749.0
1737.54
1726.7
1713.77
1706.42
1709.72
1682.74
1680.61
1669.18
1658.03
1643.82
1620.44
1633.09
1607.97
1574.27
1592.08
1596.34
1579.74
1538.83
1539.12
1511.91
1502.15
1478.36
1482.48
1484.32
1457.57
1444.68
1422.06
1389.2
1397.68
1373.1
1367.17
1350.1
1344.63
1326.01
1295.82
1303.4
1291.96
1248.25
1249.64
1234.18
1220.8
1223.55
1142.22
1165.32
1140.77
1148.67
1125.2
1100.45
1093.37
1050.1
1045.14
1030.51
1011.77
1007.9
958.9499
977.37
959.15
936.98
922.12
908.33
869.92
889.9199
840.0499
868.9799
822.13
806.93
798.3
782.83
784.76
753.36
737.34
725.33
713.74
690.8
662.9099
633.04
651.07
617.47
592.79
600.43
589.99
578.84
561.28
535.66
509.41
525.78
495.25
503.96
489.78
472.6
463.14
456.34
441.37
438.44
398.44
422.38
397.84
383.9
379.42
352.8
351.56
338.71
332.5
306.31
313.08
283.02
277.99
265.87
266.85
259.92
252.38
248.41
234.17
226.7
217.5
204.27
200.61
198.47
181.87
187.02
184.41
185.25
182.44
177.31
159.07
169.23
172.68
170.72
170.74
153.81
180.3
164.82
167.85
153.21
169.49
167.89
172.6
164.23
152.02
173.02
166.06
163.79
158.33
155.95
166.85
165.85
152.97
167.82
162.43
153.94
160.58
151.18
156.45
148.21
161.6
162.82
159.84
159.48
157.24
154.16
149.85
156.53
150.85
147.94
153.76
152.08
149.53