2501.39
2501.85
2493.38
2500.74
2504.35
2511.72
2505.81
2508.75
2505.14
2506.84
2515.99
2512.32
2517.88
2514.47
2515.97
2515.54
2520.59
2522.87
2517.32
2516.45
2518.17
2521.07
2512.03
2514.75
2512.47
2513.33
2512.91
2512.44
2509.29
2508.25
2508.33
2508.98
2505.14
2509.59
2507.61
2498.05
2499.77
2504.87
2498.26
2497.76
2500.2
2496.98
2493.36
2494.81
2482.13
2477.94
2490.21
2486.06
2477.51
2472.48
2468.03
2475.9
2470.42
2472.59
2465.08
2461.2
2463.62
2464.4
2460.51
2453.88
2440.74
2442.27
2435.89
2438.64
2444.75
2426.82
2427.27
2421.59
2426.38
2413.21
2416.29
2405.87
2406.72
2407.18
2396.12
2391.2
2395.86
2387.26
2382.4
2369.59
2367.87
2364.14
2361.35
2353.13
2359.06
2350.31
2340.04
2337.21
2335.47
2318.92
2326.87
2307.08
2307.05
2292.55
2311.21
2287.8
2287.35
2266.63
2272.64
2263.98
2259.21
2253.2
2251.29
2241.89
2215.04
2230.63
2204.86
2208.96
2190.95
2199.94
2189.0
2170.21
2157.41
2162.03
2143.22
2151.75
2131.13
2123.04
2121.66
2107.23
2092.46
2090.58
2057.46
2062.29
2060.08
2045.2
2021.19
2020.65
1991.2
1986.05
2003.82
1979.2
1977.68
1955.21
1964.72
1932.47
1917.6
1910.68
1885.98
1880.41
1864.72
1876.7
1821.76
1830.13
1809.04
1780.02
1774.61
1764.8
1773.66
1758.04
1758.83
1713.67
1712.93
1707.27
1681.15
1669.22
1669.05
1642.16
1624.26
1606.07
1597.65
1578.53
1545.82
1547.7
1532.45
1513.37
1500.77
1472.5
1461.54
1445.52
1427.3
1411.36
1375.3
1374.12
1370.07
1348.65
1330.0
1309.24
1298.14
1303.34
1257.91
1247.22
1207.25
1211.4
1166.56
1178.89
1164.81
1116.95
1118.53
1100.53
1097.76
1088.77
1068.96
1040.71
1017.83
986.21
977.83
984.81
929.2
926.52
907.65
901.9
896.8499
870.87
858.96
