2022.99
2021.3
2036.45
2045.04
2056.85
2065.9
2070.46
2077.39
2072.23
2078.3
2070.21
2072.6
2067.53
2076.76
2073.96
2070.21
2062.46
2046.81
2046.98
2040.45
2038.83
2038.76
2030.5
2011.89
2009.13
2006.7
1984.36
1993.17
1985.82
1975.3
1961.68
1967.29
1946.03
1956.73
1947.58
1923.9
1918.44
1908.21
1896.37
1889.56
1872.4
1865.16
1857.56
1852.59
1850.99
1825.43
1811.43
1797.8
1788.85
1779.22
1767.01
1748.75
1738.26
1718.34
1710.51
1700.07
1684.41
1668.84
1653.99
1638.44
1618.99
1607.97
1596.47
1580.25
1575.19
1545.43
1539.12
1513.98
1495.0
1480.69
1464.11
1449.06
1416.89
1403.97
1407.02
1382.22
1370.61
1353.24
1346.06
1323.64
1314.84
1269.16
1270.78
1252.05
1243.81
1225.16
1203.09
1184.88
1166.21
1153.68
1137.28
1120.97
1092.94
1084.44
1071.15
1046.52
1019.77
1012.28
992.34
979.9299
965.09
952.44
937.46
915.18
903.3
888.87
884.82
834.96
828.7299
834.1
810.4799
797.19
781.09
775.51
761.66
756.25
733.54
714.28
709.2299
691.42
664.94
656.73
649.73
632.63
634.58
611.8
596.27
584.11
573.46
563.67
557.37
544.57
532.96
512.97
511.24
495.86
482.94
485.89
472.65
454.85
448.3
441.41
430.69
425.16
406.7
403.21
399.85
393.97
387.08
386.19
373.59
365.55
363.6
359.95
347.97
344.06
341.74
324.47
319.9
330.62
328.64
323.06
326.96
333.66
331.0
328.77
326.84
327.31
325.75
324.03
321.97
317.21
319.37
323.32
325.76
323.6
319.48
318.85
321.65
316.23
321.95
322.96
327.68
323.62
323.88
316.58
315.71
319.27
326.9
323.2
322.27
317.75
317.49
319.07
319.92
316.02
317.65
315.88
317.69
322.65
322.56
320.94
323.12
319.96
315.31
318.16
320.8
315.56
316.48
317.69
315.17
318.87
314.31
317.89
316.69
312.91
315.83
317.0
313.22
315.47
315.77
314.61
315.42
315.7
312.59
312.74
318.43
318.55
317.83
313.02
312.74
314.29
309.55
312.11
318.47
320.25
316.73
319.86
319.21
313.57
317.0
311.19